  0   0  13  70 255 219 219 219 219 219 219 219  35  31  33   5
  0   0 221 254 255  20  20  20  20  20  20  20  20  17 217  33
 13 221 255 255 255   0   0   0   0   0   0   0   0   0  17  31
 70 254 255 255 255   0   0   0   0   0   0   0   0   0  20  35
255 255 255 255 255   0   0   0   0   0   0   0   0   0  20 219
219  20   0   0   0 255 255 255 255 255 255   0   0   0  20 219
219  20   0   0   0 255 255 255 255 255 255   0   0   0  20 219
219  20  17  43  55 126 250 254 218 255 192  44  28  21  20 219
219  20  17 173  56 124 134 242 205 255 180   1 132  21  20 219
219  20   0   0   0 255 255 255 255 255 255   0   0   0  20 219
219  20   0   0   0 255 255 255 255 255 255   0   0   0  20 219
219  20   0   0   0   0   0   0   0   0   0 255 255 255 255 255
 35  20   0   0   0   0   0   0   0   0   0 255 255 255 254  70
 31  17   0   0   0   0   0   0   0   0   0 255 255 255 221  13
 33 217  17  20  20  20  20  20  20  20  20 255 254 221   0   0
  5  33  31  35 219 219 219 219 219 219 219 255  70  13   0   0
  0   0  13  70 255 219 219 219 219 219 219 219  35  31  33   5
  0   0 221 254 255  20  20  20  20  20  20  20  20  17 217  33
 13 221 255 255 255   0   0   0   0   0   0   0   0   0  17  31
 70 254 255 255 255   0   0   0   0   0   0   0   0   0  20  35
255 255 255 255 255   0   0   0   0   0   0   0   0   0  20 219
219  20   0   0   0 255 255 255 255 255 255   0   0   0  20 219
219  20   0   0   0 255 255 255 255 255 255   0   0   0  20 219
219  20  17  43  55 126 250 254 218 255 192  44  28  21  20 219
219  20  17 173  56 124 134 242 205 255 180   1 132  21  20 219
219  20   0   0   0 255 255 255 255 255 255   0   0   0  20 219
219  20   0   0   0 255 255 255 255 255 255   0   0   0  20 219
219  20   0   0   0   0   0   0   0   0   0 255 255 255 255 255
 35  20   0   0   0   0   0   0   0   0   0 255 255 255 254  70
 31  17   0   0   0   0   0   0   0   0   0 255 255 255 221  13
 33 217  17  20  20  20  20  20  20  20  20 255 254 221   0   0
  5  33  31  35 219 219 219 219 219 219 219 255  70  13   0   0
  0   0  13  70 255 219 219 219 219 219 219 219  35  31  33   5
  0   0 221 254 255  20  20  20  20  20  20  20  20  17 217  33
 13 221 255 255 255   0   0   0   0   0   0   0   0   0  17  31
 70 254 255 255 255   0   0   0   0   0   0   0   0   0  20  35
255 255 255 255 255   0   0   0   0   0   0   0   0   0  20 219
219  20   0   0   0 255 255 255 255 255 255   0   0   0  20 219
219  20   0   0   0 255 255 255 255 255 255   0   0   0  20 219
219  20  17  43  55 126 250 254 218 255 192  44  28  21  20 219
219  20  17 173  56 124 134 242 205 255 180   1 132  21  20 219
219  20   0   0   0 255 255 255 255 255 255   0   0   0  20 219
219  20   0   0   0 255 255 255 255 255 255   0   0   0  20 219
219  20   0   0   0   0   0   0   0   0   0 255 255 255 255 255
 35  20   0   0   0   0   0   0   0   0   0 255 255 255 254  70
 31  17   0   0   0   0   0   0   0   0   0 255 255 255 221  13
 33 217  17  20  20  20  20  20  20  20  20 255 254 221   0   0
  5  33  31  35 219 219 219 219 219 219 219 255  70  13   0   0

  5  33  26  63 191 219 219 219 219 219 219 222  99  14   0   0
 33 212  56  19  20  20  20  49  38  20  20 224 253 181   4   0
 26  56   0   0   0   0   0  41  29   0   0 221 255 255 181  14
 63  19   0   0   0   0   0  32  48   0   0 221 255 255 253  99
191  20   0   0   4  33  33  82  75  33  33 196 221 221 224 222
219  20   0   0  33 255 255 209 207 255 255  33   0   0  20 219
219  20   0   0  33 255 255 205 214 255 255  33   0   0  20 219
219  20   0   0  33 255 255 210 207 255 255  33   0   0  20 219
219  20   0   0  33 255 255 248 245 255 255  33   0   0  20 219
219  20   0   0  33 255 255 235 199 255 255  33   0   0  20 219
219  20   0   0  33 255 255 213 211 255 255  33   0   0  20 219
222 224 221 221 196  33  33  68  79  33  33   4   0   0  20 191
 99 253 255 255 221   0   0  21  52   0   0   0   0   0  19  63
 14 181 255 255 221   0   0  25  24   0   0   0   0   0  56  26
  0   4 181 253 224  20  20  56  54  20  20  20  19  56 212  33
  0   0  14  99 222 219 219 219 219 219 219 191  63  26  33   5
  5  33  26  63 191 219 219 219 219 219 219 222  99  14   0   0
 33 212  56  19  20  20  20  49  38  20  20 224 253 181   4   0
 26  56   0   0   0   0   0  41  29   0   0 221 255 255 181  14
 63  19   0   0   0   0   0  32  48   0   0 221 255 255 253  99
191  20   0   0   4  33  33  82  75  33  33 196 221 221 224 222
219  20   0   0  33 255 255 209 207 255 255  33   0   0  20 219
219  20   0   0  33 255 255 205 214 255 255  33   0   0  20 219
219  20   0   0  33 255 255 210 207 255 255  33   0   0  20 219
219  20   0   0  33 255 255 248 245 255 255  33   0   0  20 219
219  20   0   0  33 255 255 235 199 255 255  33   0   0  20 219
219  20   0   0  33 255 255 213 211 255 255  33   0   0  20 219
222 224 221 221 196  33  33  69  79  33  33   4   0   0  20 191
 99 253 255 255 221   0   0  21  52   0   0   0   0   0  19  63
 14 181 255 255 221   0   0  25  24   0   0   0   0   0  56  26
  0   4 181 253 224  20  20  56  54  20  20  20  19  56 212  33
  0   0  14  99 222 219 219 219 219 219 219 191  63  26  33   5
  5  33  26  63 191 219 219 219 219 219 219 222  99  14   0   0
 33 212  56  19  20  20  20  49  38  20  20 224 253 181   4   0
 26  56   0   0   0   0   0  41  29   0   0 221 255 255 181  14
 63  19   0   0   0   0   0  32  48   0   0 221 255 255 253  99
191  20   0   0   4  33  33  82  75  33  33 196 221 221 224 222
219  20   0   0  33 255 255 209 207 255 255  33   0   0  20 219
219  20   0   0  33 255 255 205 214 255 255  33   0   0  20 219
219  20   0   0  33 255 255 210 207 255 255  33   0   0  20 219
219  20   0   0  33 255 255 248 245 255 255  33   0   0  20 219
219  20   0   0  33 255 255 235 199 255 255  33   0   0  20 219
219  20   0   0  33 255 255 213 211 255 255  33   0   0  20 219
222 224 221 221 196  33  33  68  79  33  33   4   0   0  20 191
 99 253 255 255 221   0   0  21  52   0   0   0   0   0  19  63
 14 181 255 255 221   0   0  25  24   0   0   0   0   0  56  26
  0   4 181 253 224  20  20  56  54  20  20  20  19  56 212  33
  0   0  14  99 222 219 219 219 219 219 219 191  63  26  33   5

  0   0  14  99 222 219 219 219 219 219 219 191  63  26  33   5
  0   4 181 253 224  20  20  20  20  20  20  20  19  56 212  33
 14 181 255 255 221   0   0   0   0   0   0   0   0   0  56  26
 99 253 255 255 221   0   0   0   0   0   0   0   0   0  19  63
222 224 221 221 196  33  33  33  33  33  33   4   0   0  20 191
219  20   0   0  33 255 255 255 255 255 255  33   0   0  20 219
219  20   0   0  33 255 255 255 255 255 255  33   0   0  20 219
219  38  29  48  75 207 214 207 245 199 211  79  52  24  54 219
219  49  41  32  82 209 205 210 248 235 213  68  21  25  56 219
219  20   0   0  33 255 255 255 255 255 255  33   0   0  20 219
219  20   0   0  33 255 255 255 255 255 255  33   0   0  20 219
191  20   0   0   4  33  33  33  33  33  33 196 221 221 224 222
 63  19   0   0   0   0   0   0   0   0   0 221 255 255 253  99
 26  56   0   0   0   0   0   0   0   0   0 221 255 255 181  14
 33 212  56  19  20  20  20  20  20  20  20 224 253 181   4   0
  5  33  26  63 191 219 219 219 219 219 219 222  99  14   0   0
  0   0  14  99 222 219 219 219 219 219 219 191  63  26  33   5
  0   4 181 253 224  20  20  20  20  20  20  20  19  56 212  33
 14 181 255 255 221   0   0   0   0   0   0   0   0   0  56  26
 99 253 255 255 221   0   0   0   0   0   0   0   0   0  19  63
222 224 221 221 196  33  33  33  33  33  33   4   0   0  20 191
219  20   0   0  33 255 255 255 255 255 255  33   0   0  20 219
219  20   0   0  33 255 255 255 255 255 255  33   0   0  20 219
219  38  29  48  75 207 214 207 245 199 211  79  52  24  54 219
219  49  41  32  82 209 205 210 248 235 213  69  21  25  56 219
219  20   0   0  33 255 255 255 255 255 255  33   0   0  20 219
219  20   0   0  33 255 255 255 255 255 255  33   0   0  20 219
191  20   0   0   4  33  33  33  33  33  33 196 221 221 224 222
 63  19   0   0   0   0   0   0   0   0   0 221 255 255 253  99
 26  56   0   0   0   0   0   0   0   0   0 221 255 255 181  14
 33 212  56  19  20  20  20  20  20  20  20 224 253 181   4   0
  5  33  26  63 191 219 219 219 219 219 219 222  99  14   0   0
  0   0  14  99 222 219 219 219 219 219 219 191  63  26  33   5
  0   4 181 253 224  20  20  20  20  20  20  20  19  56 212  33
 14 181 255 255 221   0   0   0   0   0   0   0   0   0  56  26
 99 253 255 255 221   0   0   0   0   0   0   0   0   0  19  63
222 224 221 221 196  33  33  33  33  33  33   4   0   0  20 191
219  20   0   0  33 255 255 255 255 255 255  33   0   0  20 219
219  20   0   0  33 255 255 255 255 255 255  33   0   0  20 219
219  38  29  48  75 207 214 207 245 199 211  79  52  24  54 219
219  49  41  32  82 209 205 210 248 235 213  68  21  25  56 219
219  20   0   0  33 255 255 255 255 255 255  33   0   0  20 219
219  20   0   0  33 255 255 255 255 255 255  33   0   0  20 219
191  20   0   0   4  33  33  33  33  33  33 196 221 221 224 222
 63  19   0   0   0   0   0   0   0   0   0 221 255 255 253  99
 26  56   0   0   0   0   0   0   0   0   0 221 255 255 181  14
 33 212  56  19  20  20  20  20  20  20  20 224 253 181   4   0
  5  33  26  63 191 219 219 219 219 219 219 222  99  14   0   0

  5  33  26  63 191 219 219 219 219 219 219 222  99  14   0   0
 33 212  56  19  20  20  20  54  56  20  20 224 253 181   4   0
 26  56   0   0   0   0   0  24  25   0   0 221 255 255 181  14
 63  19   0   0   0   0   0  52  21   0   0 221 255 255 253  99
191  20   0   0   4  33  33  79  68  33  33 196 221 221 224 222
219  20   0   0  33 255 255 211 213 255 255  33   0   0  20 219
219  20   0   0  33 255 255 199 235 255 255  33   0   0  20 219
219  20   0   0  33 255 255 245 248 255 255  33   0   0  20 219
219  20   0   0  33 255 255 207 210 255 255  33   0   0  20 219
219  20   0   0  33 255 255 214 205 255 255  33   0   0  20 219
219  20   0   0  33 255 255 207 209 255 255  33   0   0  20 219
222 224 221 221 196  33  33  75  82  33  33   4   0   0  20 191
 99 253 255 255 221   0   0  48  32   0   0   0   0   0  19  63
 14 181 255 255 221   0   0  29  41   0   0   0   0   0  56  26
  0   4 181 253 224  20  20  38  49  20  20  20  19  56 212  33
  0   0  14  99 222 219 219 219 219 219 219 191  63  26  33   5
  5  33  26  63 191 219 219 219 219 219 219 222  99  14   0   0
 33 212  56  19  20  20  20  54  56  20  20 224 253 181   4   0
 26  56   0   0   0   0   0  24  25   0   0 221 255 255 181  14
 63  19   0   0   0   0   0  52  21   0   0 221 255 255 253  99
191  20   0   0   4  33  33  79  69  33  33 196 221 221 224 222
219  20   0   0  33 255 255 211 213 255 255  33   0   0  20 219
219  20   0   0  33 255 255 199 235 255 255  33   0   0  20 219
219  20   0   0  33 255 255 245 248 255 255  33   0   0  20 219
219  20   0   0  33 255 255 207 210 255 255  33   0   0  20 219
219  20   0   0  33 255 255 214 205 255 255  33   0   0  20 219
219  20   0   0  33 255 255 207 209 255 255  33   0   0  20 219
222 224 221 221 196  33  33  75  82  33  33   4   0   0  20 191
 99 253 255 255 221   0   0  48  32   0   0   0   0   0  19  63
 14 181 255 255 221   0   0  29  41   0   0   0   0   0  56  26
  0   4 181 253 224  20  20  38  49  20  20  20  19  56 212  33
  0   0  14  99 222 219 219 219 219 219 219 191  63  26  33   5
  5  33  26  63 191 219 219 219 219 219 219 222  99  14   0   0
 33 212  56  19  20  20  20  54  56  20  20 224 253 181   4   0
 26  56   0   0   0   0   0  24  25   0   0 221 255 255 181  14
 63  19   0   0   0   0   0  52  21   0   0 221 255 255 253  99
191  20   0   0   4  33  33  79  68  33  33 196 221 221 224 222
219  20   0   0  33 255 255 211 213 255 255  33   0   0  20 219
219  20   0   0  33 255 255 199 235 255 255  33   0   0  20 219
219  20   0   0  33 255 255 245 248 255 255  33   0   0  20 219
219  20   0   0  33 255 255 207 210 255 255  33   0   0  20 219
219  20   0   0  33 255 255 214 205 255 255  33   0   0  20 219
219  20   0   0  33 255 255 207 209 255 255  33   0   0  20 219
222 224 221 221 196  33  33  75  82  33  33   4   0   0  20 191
 99 253 255 255 221   0   0  48  32   0   0   0   0   0  19  63
 14 181 255 255 221   0   0  29  41   0   0   0   0   0  56  26
  0   4 181 253 224  20  20  38  49  20  20  20  19  56 212  33
  0   0  14  99 222 219 219 219 219 219 219 191  63  26  33   5
